1 -2.567177049933 0.063372350812 5.863810389367 5.863810389459 8.504575210069 10.416745107900 10.416745107994 14.602264989978 17.763971705858 17.766475842121
2 -2.702608167144 0.260726371385 5.881885579082 5.881885579172 8.525276001073 10.436950102955 10.436950103058 14.634186654206 17.014379096475 17.016930320693
3 -3.021931849323 0.765121448189 5.936353030031 5.936353030124 8.577683278143 10.491651405060 10.491651405159 14.716088876850 16.127286683292 16.127286739875
4 -3.398389462482 1.450624925833 6.026623694481 6.026623694566 8.679451611133 10.560492009585 10.560492009668 14.773079115162 15.353241143391 15.353241147596
5 -3.768764893890 2.246300290538 6.151090450937 6.151090451019 8.822503325573 10.605963285725 10.605963285810 14.498143238607 14.742382612306 14.742382612390
6 -4.101624895898 3.117137709279 6.305738212209 6.305738212291 8.995326459105 10.571185281624 10.571185281710 13.775307720192 14.354952492326 14.354952494147
7 -4.384748184274 4.037085160446 6.486977477233 6.486977477315 9.199025181391 10.425208164962 10.425208165047 12.919923138871 14.217725846811 14.217725847578
8 -4.608581140799 4.981646573960 6.682259531560 6.682259531641 9.403228587656 10.185159570924 10.185159571017 12.032036817994 14.311664702901 14.311664718895
9 -4.771060029949 5.906785387041 6.869942366146 6.869942366228 9.582405822868 9.916737732075 9.916737732173 11.164761562577 14.551487594067 14.551643356925
10 -4.869190251381 6.703592178693 7.013730403536 7.013730403614 9.665616442649 9.704090554321 9.704090554419 10.449232326056 14.811196569819 14.811878142715
11 -4.902011629545 7.069597744760 7.069597744838 7.069597744911 9.622725402775 9.622725402890 9.622725402976 10.189300009295 14.702909271553 14.931939984378
12 -4.871605721458 6.862921792961 6.943187489384 6.943187489485 9.544520765468 9.786125092233 9.786125092372 10.389102924606 14.685986789394 14.851461465343
13 -4.779592872828 6.357585916457 6.637524416086 6.637524416197 9.334998639497 10.205352605856 10.205352605986 10.857765721135 14.120576894064 15.124521627110
14 -4.628826510577 5.711686378705 6.258708521241 6.258708521356 9.043827763910 10.766575876114 10.766575876239 11.283563639663 13.607837930849 15.247304299889
15 -4.417828089484 5.006546664482 5.870108017389 5.870108017507 8.727624783164 11.263227194476 11.407362581028 11.407362581145 13.602926431936 15.482698331828
16 -4.151190527015 4.272189958397 5.501827282305 5.501827282426 8.415117204663 10.768983554117 12.092247571391 12.092247571506 14.153251651061 15.784947989209
17 -3.823638566173 3.529267318277 5.169068476710 5.169068476833 8.137091585248 10.144324182928 12.811011183497 12.811011183607 14.931411838337 16.154456641053
18 -3.439848938908 2.783509056065 4.879708196449 4.879708196575 7.904931216812 9.538441987916 13.551468585553 13.551468585666 15.781139179607 16.590693612342
19 -3.000990596281 2.037297145896 4.639079140181 4.639079140309 7.725016685786 8.998599782981 14.299908308091 14.299908308200 16.647580466689 17.092052806087
20 -2.511279283519 1.305627687327 4.449176539483 4.449176539612 7.610469687383 8.548894564153 15.070188643158 15.070188643248 17.499873904187 17.660633639449
21 -1.969128259825 0.593356449503 4.313565514699 4.313565514828 7.567807448000 8.182282361910 15.844389865618 15.844389865705 18.312015647502 18.320421923541
22 -1.387759520680 -0.098081552241 4.230491640927 4.230491641063 7.598345109903 7.900710395067 16.587127722243 16.587127722343 18.638090867711 18.638250577652
23 -0.761245574254 -0.761245574241 4.202846393195 4.202846393324 7.708761608188 7.708761608265 17.030729354780 17.030729354819 18.189570372542 18.189570372963
24 -0.775272007068 -0.730908690279 4.005627461316 4.226126930097 7.734983706141 8.006067032786 16.753968881343 16.849984753943 17.693489614879 17.852693066697
25 -0.818576924269 -0.631499836279 3.571000531172 4.299504463514 7.820924875958 8.751108177149 16.138869625996 16.415168355979 16.866309651579 17.208512225425
26 -0.919833045893 -0.468754150906 3.121761662400 4.419360936121 7.959736285899 9.737527421638 15.418184525769 15.867187028681 16.020423932939 16.513027855763
27 -1.105750809544 -0.237262422977 2.786515387678 4.584064740001 8.153104220538 10.860762280032 14.685519603728 15.222348329117 15.286774022429 15.839737761760
28 -1.393139753577 0.054457730655 2.624367537565 4.789653401310 8.392244759436 12.057909578899 13.978475040123 14.481138341647 14.713951902086 15.210078670914
29 -1.767361075380 0.409484352225 2.640692197719 5.030971328165 8.672204636125 13.156927943733 13.307379851143 13.956422518913 14.173146161639 14.643293727599
30 -2.195663749714 0.826076717768 2.810253857475 5.300482943529 8.982147503470 12.683590205631 12.969272398606 13.680099157934 14.153237003699 14.797559614215
31 -2.639650172168 1.304967337518 3.100680369746 5.587853242932 9.304527331912 12.111896310019 12.410928858101 13.254968474084 13.750286197357 16.038658460297
32 -3.072990536259 1.845827416228 3.484994218278 5.881587465380 9.610398001984 11.596038535956 11.884556748586 12.927552720615 13.454659495695 17.095403354929
33 -3.478058313025 2.444128824370 3.942305675188 6.165862146585 9.862311456847 11.137554639907 11.408283848730 12.718032607291 13.277755753120 17.577596470082
34 -3.840483301508 3.100766839094 4.455983793306 6.425670608808 10.020521188230 10.741332606395 10.992819415796 12.634200612133 13.240931067725 16.788394209430
35 -4.158530305693 3.804646832745 5.004608925571 6.644901730701 10.064951835555 10.401718484568 10.623779601803 12.604172143381 13.337780298481 15.716620288321
36 -4.422897829175 4.554069894700 5.567568549755 6.814994310349 10.030256215336 10.122890441407 10.311144787719 12.408243401829 13.572593802615 14.989256036516
37 -4.631855043868 5.328816992488 6.113478810280 6.935277910018 9.904894802066 9.954714732675 10.044722464290 11.849009318489 13.927822630094 14.748030972656
38 -4.780676383403 6.098861931387 6.593465420117 7.013821846760 9.748646890104 9.833146408324 9.862745080246 11.081458945715 14.354258359284 14.793476142362
39 -4.871721185680 6.765455113564 6.939509351117 7.056049880567 9.653910278287 9.680262122630 9.737968548358 10.421888570321 14.751120169620 14.849893318386
40 -4.902011629545 7.069597744760 7.069597744835 7.069597744919 9.622725402768 9.622725402877 9.622725402977 10.189300009296 14.702178525682 14.931939984275
